clips 1

1

2
0	40	40	40
0	80	40	40
0	0	40	40
0	120	40	40


clips 2

3

10
0	40	40	40
0	80	40	40
0	0	40	40
0	120	40	40

8
40	40	40	40
40	80	40	40
40	0	40	40
40	120	40	40

10
80	40	40	40
80	80	40	40
80	0	40	40
80	120	40	40


clips 3

3

6
120	40	40	40
120	80	40	40
120	0	40	40
120	120	40	40

6
160	40	40	40
160	80	40	40
160	0	40	40
160	120	40	40

30
200	40	40	40
200	80	40	40
200	0	40	40
200	120	40	40



clips 42

3

10
40	40	40	40
40	80	40	40
40	0	40	40
40	120	40	40

8
80	40	40	40
80	80	40	40
80	0	40	40
80	120	40	40

10
120	40	40	40
120	80	40	40
120	0	40	40
120	120	40	40


clips 22

3

10
240	0	40	80
120	80	80	40
120	0	40	80
120	120	80	40

8
280	0	40	80
200	80	80	40
160	0	40	80
200	120	80	40

10
320	0	40	80
280	80	80	40
200	0	40	80
280	120	80	40



clips 101

5

4
0	120	40	40
0	0	40	40
0	40	40	40
0	80	40	40

4
40	120	40	40
40	0	40	40
40	40	40	40
40	80	40	40

4
80	120	40	40
80	0	40	40
80	40	40	40
80	80	40	40

4
120	120	40	40
120	0	40	40
120	40	40	40
120	80	40	40

4
160	120	40	40
160	0	40	40
160	40	40	40
160	80	40	40


clips 201

5

4
200	120	40	40
200	0	40	40
200	40	40	40
200	80	40	40

4
240	120	40	40
240	0	40	40
240	40	40	40
240	80	40	40

4
280	120	40	40
280	0	40	40
280	40	40	40
280	80	40	40

4
320	120	40	40
320	0	40	40
320	40	40	40
320	80	40	40

4
360	120	40	40
360	0	40	40
360	40	40	40
360	80	40	40


clips 401

4

10
0	40 	40	40
0	40 	40	40
0	40 	40	40
0	40 	40	40

10
40	40 	40	40
40	40 	40	40
40	40 	40	40
40	40 	40	40

10
80	40 	40	40
80	40 	40	40
80	40 	40	40
80	40 	40	40

10
120	40 	40	40
120	40 	40	40
120	40 	40	40
120	40 	40	40


{[SHEET]}


clips [nr]

[Antal sprites i sekvensen/actionen]

[defaultlängd(tid/antalet frames)]
[x-up]	[y-up]	[w-up]	[h-up]					//failade tabbar
[x-right]	[y-right]	[w-right]	[h-right]	//ser fult ut
[x-down]	[y-down]	[w-down]	[h-down]
[x-left]	[y-left]	[w-left]	[h-left]

[defaultlängd på nästa sprite]
.....


